1 0.571875 0.18359375 0.146875 0.2234375
1 0.70234375 0.47890625 0.1578125 0.2109375
1 0.66015625 0.7328125 0.1484375 0.23125
1 0.43125 0.73828125 0.178125 0.2484375
1 0.4109375 0.5265625 0.146875 0.209375
1 0.93125 0.6875 0.1375 0.2375
1 0.35 0.2640625 0.125 0.2
1 0.1515625 0.4578125 0.115625 0.190625
1 0.2546875 0.825 0.115625 0.178125
1 0.87265625 0.1359375 0.1578125 0.225
1 0.8609375 0.36640625 0.165625 0.2140625
1 0.0859375 0.1546875 0.125 0.175
1 0.734375 0.9 0.13125 0.2
1 0.0734375 0.75859375 0.134375 0.1890625
