0 0.10625 0.24765625 0.134375 0.4703125
0 0.2421875 0.265625 0.11875 0.409375
0 0.36796875 0.25625 0.1234375 0.440625
0 0.5015625 0.271875 0.10625 0.425
0 0.63125 0.18671875 0.1 0.3109375
0 0.7203125 0.18515625 0.109375 0.3015625
0 0.8109375 0.1859375 0.08125 0.33125
0 0.89921875 0.18125 0.0765625 0.3125
0 0.12890625 0.79375 0.1453125 0.36875
0 0.26796875 0.784375 0.1234375 0.371875
0 0.409375 0.7609375 0.115625 0.4
0 0.5734375 0.728125 0.15625 0.440625
0 0.8265625 0.69765625 0.259375 0.5609375
